Low life expectancy


65-70
                      2004       2005       2006       2007
observation     0.28464727 0.25282867 0.22659159 0.19736174
hasimrtnosrg    0.54870475 0.56811803 0.57053616 0.57539539
hasrobotnoradia 0.16664798 0.17905331 0.20287225 0.22724287

70-75
                       2004        2005        2006       2007
observation     0.332472908 0.298835148 0.272842587 0.24255199
hasimrtnosrg    0.601325554 0.628923356 0.642942135 0.66039903
hasrobotnoradia 0.066201538 0.072241495 0.084215278 0.09704898



Mid  life expectancy
      
65-70
                2004       2005       2006       2007
observation     0.37645972 0.32084277 0.28709521 0.25341124
hasimrtnosrg    0.47741741 0.48797091 0.45966442 0.44645435
hasrobotnoradia 0.14612287 0.19118632 0.25324037 0.30013442


70-80
                       2004        2005       2006       2007
observation     0.367068123 0.318902188 0.29571553 0.26797508
hasimrtnosrg    0.567294446 0.592188105 0.57988976 0.57888918
hasrobotnoradia 0.065637431 0.088909707 0.12439471 0.15313574


High life expectancy 

65-70
                      2004       2005       2006       2007
observation     0.35228546 0.29347656 0.28222719 0.25691851
hasimrtnosrg    0.44716991 0.44167572 0.41622072 0.38304927
hasrobotnoradia 0.20054464 0.26484772 0.30155208 0.36003223


70-75
                       2004       2005       2006       2007
observation     0.330280756 0.28326594 0.27914189 0.26380532
hasimrtnosrg    0.569981865 0.57967165 0.56002120 0.53526443
hasrobotnoradia 0.099737379 0.13706241 0.16083691 0.20093025


Low life expectancy and low  Damico risk
65-70
                       2004       2005        2006       2007
observation     0.512031403 0.43674933 0.431077521 0.37652077
hasimrtnosrg    0.397800849 0.42536758 0.479788125 0.44478592
hasrobotnoradia 0.090167748 0.13788309 0.089134354 0.17869331

70-75
                       2004       2005        2006        2007
observation     0.564915127 0.49895962 0.479958788 0.443325528
hasimrtnosrg    0.395467452 0.43676065 0.480651607 0.469227963
hasrobotnoradia 0.039617421 0.06427973 0.039389605 0.087446509
